$SPEC_ID:
No sample description was entered.
$SPEC_REM:
DET# 1
DETDESC# RHINOPROJECT-PC digiBASE-RH SN 16308615
AP# Maestro Version 7.01
$DATE_MEA:
02/09/2018 09:21:26
$MEAS_TIM:
1781 1800
$DATA:
0 1023
       0
       0
       0
       0
       0
       0
       0
       0
       0
       0
    5204
   52192
   78828
   92830
  103990
  110637
  114011
  115099
  114106
  113103
  111987
  109507
  106344
  101160
   97039
   93069
   88348
   84246
   80229
   77359
   74351
   71505
   69346
   65746
   62383
   59325
   56911
   55338
   53684
   52722
   51098
   48307
   44699
   41392
   38780
   36594
   35353
   34329
   33363
   32248
   30978
   29579
   28600
   27214
   26461
   26446
   26676
   27105
   27051
   26332
   25344
   23287
   21495
   19777
   18988
   18258
   18194
   18212
   18869
   19517
   20315
   20893
   20917
   20227
   18406
   17112
   15433
   13899
   13159
   13296
   13321
   13549
   13799
   14430
   14087
   13839
   13321
   12137
   11268
   10521
   10215
    9925
   10144
   10528
   11457
   12008
   13176
   14716
   15592
   16493
   16729
   15926
   14848
   13055
   11727
   10229
    9096
    8527
    8210
    8018
    7823
    7674
    7909
    8214
    8917
    9664
   10360
   10607
   10529
    9876
    8731
    7756
    6801
    5852
    5334
    4902
    4615
    4447
    4331
    4215
    4148
    3946
    3900
    3784
    3682
    3748
    3647
    3639
    3615
    3625
    3514
    3588
    3681
    3767
    3911
    3936
    4018
    4033
    3941
    4061
    3986
    3825
    3842
    3684
    3752
    3563
    3473
    3387
    3282
    3207
    2910
    2780
    2616
    2554
    2441
    2496
    2445
    2400
    2513
    2530
    2564
    2713
    2797
    2883
    2968
    2983
    3001
    3222
    3166
    3220
    3245
    3243
    3159
    3123
    3174
    3093
    2938
    2968
    2841
    2594
    2520
    2281
    2381
    2169
    2068
    2098
    2060
    2109
    2190
    2236
    2284
    2282
    2316
    2203
    2184
    2136
    2138
    2004
    1990
    1952
    1891
    1911
    1859
    1805
    1719
    1695
    1666
    1656
    1821
    1909
    1983
    2317
    2553
    2867
    3256
    3865
    4298
    4709
    4866
    5087
    5139
    4916
    4567
    4050
    3512
    2974
    2488
    1927
    1595
    1260
    1071
     825
     776
     677
     623
     585
     545
     556
     565
     568
     558
     560
     535
     533
     515
     486
     506
     462
     433
     427
     437
     442
     433
     453
     467
     503
     523
     553
     619
     658
     763
     757
     824
     840
     793
     894
     832
     808
     689
     684
     649
     549
     512
     484
     480
     396
     381
     385
     347
     347
     326
     329
     273
     278
     256
     274
     272
     239
     234
     228
     210
     191
     236
     219
     213
     199
     178
     214
     180
     203
     203
     216
     216
     187
     180
     207
     191
     206
     222
     247
     213
     237
     280
     312
     323
     326
     355
     317
     348
     352
     357
     337
     347
     385
     372
     356
     353
     336
     369
     299
     380
     324
     349
     316
     325
     296
     298
     289
     239
     226
     229
     222
     238
     209
     216
     174
     186
     164
     212
     178
     161
     168
     161
     152
     148
     122
     129
     126
     123
     121
     104
     135
     131
     119
     137
     105
     106
     106
     105
     105
     116
     106
      76
      87
      98
      89
     118
     109
     156
     167
     179
     213
     311
     310
     396
     411
     479
     482
     520
     613
     610
     616
     544
     535
     540
     481
     411
     362
     352
     305
     247
     196
     153
     119
     103
      71
      62
      45
      34
      23
      23
      13
      15
      15
      16
      13
       6
       7
       3
      11
      12
       7
      11
       9
       7
       6
      10
       6
      12
      10
       6
      13
       8
       7
      12
       9
       8
      13
       6
       5
      10
       9
      12
       6
       5
       8
       9
       8
       8
       9
       3
      12
       9
       9
       8
      11
       8
       5
       5
       8
       7
      11
       7
       8
       7
       7
      12
       1
       9
       6
       6
       5
       5
       7
       7
       4
       3
       5
       5
      14
       5
       3
       6
       5
       6
       1
       3
       6
       7
       3
       6
       5
       5
       8
       7
       6
       7
       7
       9
       4
       5
       7
       1
       4
       4
       7
       5
       6
       4
       5
       4
       5
       6
       8
       4
       8
       4
       6
       5
       4
      15
       6
      10
      12
      10
       7
       3
       6
       6
       7
       5
       5
       9
       3
       6
      11
       6
       5
       6
       7
       2
       6
       5
       6
       4
       7
       5
       4
      11
       5
       4
       5
       5
       6
       2
       3
       3
       7
       2
       5
       5
       8
       3
       7
       7
       4
       7
       5
       5
       3
       4
      10
       3
       1
       4
       4
       3
       5
       6
       1
       4
       5
       3
       2
       4
       4
       6
       3
       7
       3
       4
       8
       4
       4
       3
       5
       5
       6
       4
       3
       5
       7
       6
       7
       6
       6
       3
       6
       4
       0
       7
       2
       4
       7
       3
       6
       1
       4
       6
       3
       8
       4
       2
       4
       7
       5
       6
       6
       6
       0
       7
       4
       4
       4
       6
       4
       6
       4
       5
       7
       3
       4
       4
       4
       7
       5
       1
       4
       4
       3
       5
       2
       7
       3
       9
       4
       4
       6
       6
       6
       1
       7
       2
       1
       5
       4
       2
       2
       4
       2
       2
       3
       4
       1
       7
       2
       3
       4
       3
       4
       2
       4
       6
       1
       4
       5
       3
       3
       4
       1
       3
       1
       2
       3
       4
       2
       1
       4
       5
       6
       6
       5
       4
       5
       7
       7
       3
       1
       7
       1
       4
       6
       3
       7
       6
       4
       7
       6
      11
       2
       2
       1
       1
       6
       4
       5
       5
       7
       6
       3
       4
       6
       0
       4
       2
       4
       5
       3
       2
       7
       4
       7
       1
       4
       2
       2
       2
      10
       7
       6
       4
       3
       2
       2
       3
       2
       3
       4
       3
       5
       3
       4
       2
       7
       5
       5
       1
       3
       1
       2
       4
       7
       4
       4
       2
       3
       3
       6
       4
       3
       4
       6
       4
       4
       2
       4
       5
       2
       1
       5
       5
       1
       2
       5
       3
       1
       3
       4
       1
       4
       4
       5
       4
       4
       7
       1
       1
       2
       4
       1
       3
       0
       5
       4
       4
       3
       5
       3
       2
       1
       4
       6
       1
       2
       2
       7
       4
       4
       2
       6
       5
       3
       3
       5
       2
       4
       3
       4
       1
       8
       5
       4
       2
       6
       2
       3
       4
       5
       4
       0
       3
       2
       2
       2
       2
       5
       6
       4
       4
       1
       6
       3
       1
       4
       3
       0
       3
       4
       7
       2
       3
       5
       3
       5
       4
       1
       1
       2
       3
       4
       6
       3
       1
       3
       4
       5
       2
       3
       4
       3
       4
       5
       1
       2
       4
       6
       1
       4
       3
       1
       5
       2
       2
       1
       1
       2
       2
       2
       5
       6
       0
       4
       2
       0
       2
       2
       1
       3
       3
       3
       0
       5
       2
       2
       1
       3
       3
       5
       3
       4
       4
       4
       4
       2
       0
       2
       2
       0
       2
       4
       3
       2
       1
       1
       1
       3
       2
       2
       4
       5
       3
       2
       4
       2
       3
       2
       5
       2
       5
       1
       2
       3
       4
       2
       4
       3
       1
       4
       9
       5
       2
       3
       4
       1
       4
       6
       3
       0
       4
       3
       6
       2
       4
       2
       4
       0
       4
       1
       4
       5
       1
       1
       4
       3
       3
       2
       1
       3
       1
       1
       1
       4
       2
       9
       2
       0
       2
       2
       3
       1
       2
       3
       3
       4
$ROI:
0
$PRESETS:
None
0
0
$ENER_FIT:
0.000000 0.000000
$MCA_CAL:
3
0.000000E+000 0.000000E+000 0.000000E+000 
$SHAPE_CAL:
3
0.000000E+000 0.000000E+000 0.000000E+000
