$SPEC_ID:
No sample description was entered.
$SPEC_REM:
DET# 1
DETDESC# RHINOPROJECT-PC digiBASE-RH SN 16308615
AP# Maestro Version 7.01
$DATE_MEA:
02/09/2018 09:57:31
$MEAS_TIM:
299 302
$DATA:
0 1023
       0
       0
       0
       0
       0
       0
       0
       0
       0
       0
    1017
    9995
   14888
   17887
   19719
   21101
   21539
   22031
   21500
   21352
   21609
   21255
   20501
   19456
   18288
   17641
   16663
   15845
   15431
   14844
   14416
   14002
   13879
   13255
   12510
   11920
   11555
   11247
   10850
   10584
   10419
    9367
    8854
    8172
    7622
    7198
    6973
    6538
    6296
    6181
    6039
    5675
    5388
    5210
    4971
    5043
    4977
    5173
    4974
    5012
    4710
    4435
    4132
    3784
    3611
    3502
    3483
    3489
    3588
    3652
    3907
    3917
    3917
    3739
    3521
    3205
    2814
    2684
    2548
    2521
    2533
    2635
    2651
    2628
    2689
    2590
    2456
    2254
    2103
    1913
    1913
    1984
    1947
    2050
    2198
    2319
    2508
    2769
    2980
    3011
    3188
    3150
    3244
    3333
    3310
    3393
    3775
    3864
    3923
    3797
    3338
    2806
    2533
    2215
    1972
    1983
    2052
    1975
    1965
    1837
    1638
    1479
    1334
    1146
    1074
    1008
     950
     957
     944
     950
     872
     856
     817
     887
     781
     809
     827
     851
     822
     820
     836
     812
     851
     868
     855
     859
     895
     853
     880
     867
     858
     836
     806
     757
     797
     758
     741
     679
     712
     678
     593
     635
     574
     580
     578
     562
     552
     529
     545
     573
     547
     565
     574
     614
     576
     618
     646
     736
     761
     824
     906
    1025
    1145
    1237
    1377
    1337
    1405
    1363
    1269
    1107
     981
     886
     762
     668
     529
     480
     474
     445
     436
     479
     497
     534
     548
     622
     680
     815
     919
     982
    1025
    1093
    1114
    1029
     995
     923
     817
     689
     624
     544
     466
     434
     418
     462
     488
     547
     621
     682
     767
     831
     884
     882
     878
     732
     718
     672
     539
     468
     379
     332
     227
     201
     183
     146
     123
     103
     102
     100
     112
     109
     104
     101
      89
      97
      85
      83
      97
      93
      77
      79
      93
      78
      69
      80
      91
      71
      82
      90
      94
      93
     112
     119
     137
     164
     131
     148
     159
     146
     126
     143
     132
     103
     105
      93
      90
      79
      75
      82
      57
      71
      52
      51
      54
      58
      38
      45
      42
      43
      55
      42
      39
      33
      45
      49
      29
      22
      34
      40
      41
      28
      42
      44
      31
      41
      34
      35
      35
      37
      35
      33
      35
      46
      44
      43
      47
      44
      57
      56
      61
      61
      49
      50
      49
      58
      64
      66
      65
      51
      66
      50
      50
      54
      66
      63
      63
      54
      41
      45
      53
      49
      50
      49
      30
      35
      27
      37
      42
      32
      30
      40
      36
      26
      36
      18
      27
      29
      22
      22
      30
      30
      25
      22
      19
       9
      20
      26
      16
      20
      21
      15
      15
      17
      20
      10
      16
      13
      18
      20
      22
      19
      36
      44
      42
      53
      39
      67
      70
      64
      82
      84
     108
     114
     109
     104
     100
      77
      84
      87
      74
      60
      55
      39
      39
      24
      12
      23
      13
      14
      13
       8
      13
       2
       5
       3
       6
       1
       5
       3
       2
       3
       1
       3
       0
       1
       0
       2
       2
       0
       3
       1
       0
       3
       0
       2
       2
       1
       4
       2
       0
       1
       0
       1
       0
       2
       2
       2
       1
       2
       0
       0
       0
       2
       1
       1
       1
       1
       2
       1
       2
       3
       0
       2
       2
       1
       3
       2
       2
       3
       1
       3
       0
       2
       0
       2
       1
       0
       3
       0
       1
       0
       0
       1
       2
       0
       2
       0
       1
       1
       3
       0
       2
       1
       1
       1
       3
       1
       2
       1
       1
       1
       1
       3
       0
       1
       0
       2
       1
       1
       0
       2
       3
       0
       2
       0
       2
       1
       1
       2
       2
       1
       1
       0
       0
       2
       0
       0
       0
       1
       1
       1
       0
       1
       0
       0
       0
       1
       0
       2
       4
       2
       1
       1
       0
       0
       2
       3
       0
       1
       0
       2
       0
       0
       2
       0
       1
       1
       0
       1
       1
       0
       0
       1
       0
       0
       0
       0
       1
       1
       0
       0
       1
       0
       0
       0
       0
       1
       2
       1
       1
       1
       2
       1
       3
       1
       0
       0
       1
       0
       0
       0
       0
       1
       1
       1
       0
       1
       0
       3
       0
       1
       1
       0
       1
       1
       1
       1
       0
       0
       0
       2
       3
       2
       1
       1
       1
       0
       0
       1
       1
       0
       1
       1
       1
       0
       1
       1
       0
       0
       0
       0
       0
       0
       2
       1
       0
       0
       1
       0
       3
       1
       1
       3
       1
       2
       2
       0
       1
       0
       2
       0
       0
       1
       1
       0
       2
       2
       0
       2
       0
       1
       0
       1
       4
       0
       1
       1
       0
       0
       0
       1
       1
       2
       0
       0
       2
       0
       1
       1
       2
       1
       0
       1
       1
       1
       0
       0
       1
       0
       0
       0
       0
       2
       2
       0
       1
       1
       0
       0
       0
       1
       1
       0
       0
       1
       1
       2
       0
       1
       1
       0
       0
       1
       3
       0
       1
       0
       3
       0
       1
       2
       0
       1
       1
       0
       3
       1
       0
       1
       0
       3
       0
       1
       0
       0
       1
       1
       0
       1
       0
       0
       0
       0
       0
       0
       1
       0
       1
       1
       0
       0
       1
       1
       0
       1
       1
       0
       0
       0
       2
       0
       1
       1
       1
       0
       1
       1
       0
       0
       1
       0
       0
       1
       1
       2
       0
       1
       1
       1
       1
       0
       0
       0
       1
       0
       0
       0
       1
       0
       0
       0
       1
       1
       0
       1
       0
       0
       1
       0
       1
       0
       2
       2
       0
       2
       3
       0
       1
       0
       0
       2
       1
       0
       0
       0
       0
       1
       0
       0
       0
       0
       1
       1
       0
       2
       0
       0
       1
       0
       1
       1
       0
       1
       2
       1
       0
       1
       0
       1
       2
       0
       2
       2
       0
       0
       0
       0
       0
       0
       4
       1
       1
       1
       0
       3
       0
       1
       0
       2
       1
       1
       0
       1
       0
       1
       0
       1
       1
       1
       0
       1
       0
       1
       1
       0
       1
       0
       1
       0
       0
       0
       0
       1
       0
       0
       0
       0
       1
       1
       0
       1
       1
       0
       0
       0
       0
       0
       0
       0
       0
       0
       1
       0
       1
       0
       0
       0
       0
       1
       0
       0
       0
       0
       0
       0
       0
       1
       0
       0
       0
       1
       2
       1
       0
       1
       0
       0
       0
       0
       0
       3
       0
       0
       0
       0
       0
       0
       0
       1
       1
       0
       0
       0
       0
       1
       0
       0
       1
       1
       1
       0
       1
       0
       0
       0
       2
       0
       0
       1
       0
       0
       0
       0
       0
       1
       0
       1
       0
       0
       0
       0
       0
       1
       0
       2
       0
       1
       1
       0
       0
       0
       2
       1
       1
       0
       0
       0
       0
       1
       0
       0
       0
       1
       0
       0
       0
       1
       0
       0
       1
       1
       0
       1
       0
       0
       1
       0
       0
       1
       1
       0
       1
       0
       0
       0
       0
       0
$ROI:
0
$PRESETS:
None
0
0
$ENER_FIT:
0.000000 0.000000
$MCA_CAL:
3
0.000000E+000 0.000000E+000 0.000000E+000 
$SHAPE_CAL:
3
0.000000E+000 0.000000E+000 0.000000E+000
